J = 0.01;
b = 0.1;
K = 0.01;
R = 1;
L = 0.5;